100 100
1011001000000110100110011110001100100001011100110100111000000100010011110100111001010100101001000101
0000110001010001101110111111010011000010111000110001110011011000101110001101111001111010111001110011
0111001010011100100110111011000010010111111011101111110111001100100111001110100010111000100111101111
1010100000100011010010111011010111100110100001110110001100001010001010010110001100100011001001001101
1101010011110010011111110101100010011001110100001110001001010011111011110000001100101011010011101010
1010000001100011100110101010101000010111011010100111100111101001110100001010001100011000100000011011
0101110011111110010110001010000100011010100101100010010111000010011101111101001101100100000001000010
1000000001100011111011010110101001001010000011100001110101011110010101100001101000101011110101100100
1101110111111010011001110011111010101110101011110010001001100101100011000111000000100011101011101101
1011000000110011000011000110111000101101110010100101000011000100010101000100110100100101010000100110
0001101011111011100110011101011110000100001101001010111001111000001111111000100001011011100010110001
1101001101010001001001010110110110011101000011011111001010111100101010010011111000010110101011111010
0111000101000010110011010101011010111001101101010011000010010101010110011101001010010010111111011000
0011101000010001101010100111111111111011011001111011101111000110001100101011100111001110010100110001
0111101111001000111001101010001010111000000100111011001101101000101001001011011110011111000110000101
1010010001111110000100010011010111110110000011001011011100000011101000001000110011001111111110100000
0111110100100101010001111011000111000011111101010010101010110101010111000111010011001100100010101111
1111010000001001111011000001110000001001101000111100000001000001001110100001000110111001101100010001
0110001000010101101000010001000000100000001101010100001001110010000010011101010000100011000001000001
0001110001001110001001010010001000001001101100100001100101001100100010100110100000110110010001001000
0010101011010110001111110110100101110011000011001110100111101011100110010111011010000011011110101100
1011101010001001101110001100100011001100101011001110110011001000101011110011111100101000110011111011
1001010011111011001110001110111011001000011111001010010100111100000100101101001100100110110000100100
0111010011100000000110010110011010011000010001001010111100010111110000000100000101111011010000111011
0110010010100011000111111100110111011000110100000010111000111100000110001011010111110010001010000011
0110001011111001110101111010011101101011000110001011011110111100010101000011011000101010110000000110
0000011100101000101011011111001001110001111010000101010001101100011101010111110110011011111100101011
1101110010001010110001101001000111000111111011100110000010110110010101000000110101110111100011001011
0110100011100010101100111110100101011001111000010000011101001011111101010110100100100010110110011101
0011101001100000000011111100100101011010100101101000111011001011100101111111000100010111101000000010
0001111011101111110011010010101101000101011011100001100110000111011011110111011011100101101010111010
1001111100110000001100110001010110111000001001001101110100101101110010010001101101011111101111000001
0111110011111010101000110110110001110101011110100010101100111110001011001110111110100010010101110111
0111010101011101110100111001111010111111011111100101110010011110100101000101010100011010011100001011
1111111101001010010000010011000110001100000110111001000001001011011011010011000100100110110011101100
0010001110010101111000011010110110000111111011100000001001010110110101100001111111100000100011000000
1101101010110010010010011011010100011110001000011011110011011001001100001101000101010001000100001101
0011110111110111010011111110111110011000110011110111000011001010011000011010101100000000010110111111
1010001010111011001010100111011110110011110010110101111100001110110011100001001011100011011011000001
0000000001010110101101110010001001100100000011000010111110110000010000000001001001010101110000001101
1010111101100100001101100001101000010000110100101001111111101011011011001111100000101011101000010111
0001111001101000101001111101011011000110001101111100011101100000100111011100001011010100010011001101
0000110111101111010010101111010110101110010101111110100101000011001011000110001111111001100001100101
0110010010011100100100101001111100101001000100110100110100011111001100000010010000000010111010011101
1100110000011111101010101110001011001001110001111001011101101100000111100100111011110110001111100111
0010010100111100010001111011110011010100101011011111000100011010100110100001010101001001001110000001
0111000011110110111000111111111010110111000110101001100010111010101110100111100100010110111010100001
1111001001111100000111001111110000000101010110110111010101010100100111010001101110101111000010000011
1000011110100001100101111110101100111000110111101111000011011100111011001100011100011010111001000100
1100000011100111101011010111001111110011101110000001101110000111110111001000000100011110010010001010
0101100010111110100111101100010010101100011110100110000101100101010110110001111100110000100110110101
1101000111011000010111001101000000100011111111110101010000110010000101001110100110101100111110000011
0111101001110011111010000001010011101101010000011100001001101110000110001101101001101001101010001010
0000111010011110101101111010011111100000101001111001100100101010000010000000110000110100101000001010
0101101001000110101000100111001011110110000011101011000011011100111101111110001000100111011101010101
0101010101101011000011010011110010111101010101001100001100000001010111110110010101111000100100001010
1000110101010101001101001001011001010011110110110000000100001001101010101100111111111111110010011110
1000101010110001111011001010100001111011000000010111001101001000111111001000001011111111011110111101
0011011001110011100110100011110111111001110111011100111100010111001101000111000011000110010001111001
1111011011000101011001010001001010111000000010101100011111011111010110011000110001010101000000101110
0101001110101011110010010111010000100111111010101101100010101101100111100001110000111010010101001010
0000100010010001000010111110010010000001010111011010101011110111000000011000101010000000111111011011
1100001110001001001101010101110011111000000110111011110100001100011110000011101010101100100010110011
0111110011001111011111011101111000101101111000111001100110010110000111000010001010100110101110010011
1101110011001110000101101111100100011011011100101101011101011101111110010110001101000000101010011100
1001110111010100100001001010111111000001101111101101111010111000101111001101011110101000111011100011
1010111011101000100000011101110010111010100010001101100000010001010011010111101011101001001011010011
0000101000111010010101110100001000010110101010011001100111111111110101110011000101101110010101011001
0110101101010111100110111100000011001110001110000000011000000000100110100011010000001001010010011100
1101110110110011001011001110011101011000101100100001100011111001101011001111001001010001111011000111
0110101111110110110101110110001100111000111010001011110000010000011111111110110100011111100100001101
1100010000100101011111110101000110101100010000010101011001011000100010011100101111111001100001011100
1001101100011100100000011100001111001111100110111111000111011100011100000010001100100111010001000110
0100110001100000010010011101010010100100100100101110010100111110101101111100110111111101110100100010
0111011010101010010110010011011001000101111100100111000000101111011000001111001001101101101010111110
1100110111110011100100110100010110101110100101111101100010010001011110100110101000010011110110011100
1001101000100100111011101101001100000100011001100001000110000011001011011101011110010011011111011110
0001101010100100010001100111010110000101011011110111011100011000001001101100011100011100101111111001
0111001110000010110011100101101110000110110011000001100110000101001000011010110111101110100110011001
0000100011010111011111000001000100110100001010111000001001111101111001011110111111111011100010011110
0111001110011000001000000010100111011101110010010011001000000011100110011010000101001100110111011001
0000010010110111001111001010011111111100010011111110011100000111101001000001011100011101100101110010
1101001010100111011001100010000110110010010001110010100011011111100000001001110101010011000111001101
1010011110111101100101110110001101110101110001001011100001001100011101011101001101001001100110101010
1110010011100100101101011111101000100111001101111001001110001111001010111101010001101011101010110011
1110011011010010001100101011111000001100011110111011001111100000000110011100010111001010100100100101
1011111111000100100001111010111010110101011100110110001001010110011001100010001000100000101001000100
0101101001001110010100101101001111001100010001001001011111011100100001000100001111010111011111100000
1101011010001000011000010110100010111111111101100001100100110101110101001111101101010100111101001011
1110001100110100010101011010001011011010001011000011000101111010111110100000110011111100011100111001
1111111101101010100111011111110011000111101000010100001010110111011011101000101110100100111100000001
1010010110110010110101000100101000011100111100111001111101110010011100011101001101110010001010010010
0101001000001100110110100000011001101010010000011011001101100000101100111111010111000010101011001110
1010001010101001010101110010110111111110110011010000101101110101001110101000101100010110001000000101
1111111001001001111010010000101110010110010110011111010000110000101100100101000101001101110001011101
1101001001001000111101100110011101111010110001010100111100100100011011000010110110000110111101000101
0011101001010010100011010000101011101001000001010001001001111010100111011110011011011101011110011000
1011101010000001101110100111111100010111100100100011001011010100000011001000010011110011110010010011
0101101111101011100001011100111111101000010101010010101111100001010110011001000010000111001011010000
0011101101111101010000011000000011001110001011111011010100100111111000000001100001101111111000111101